steps: 59808
initial state: [[8, 4, 2], [1, 3, 5], [7, 6, 0]]
end state: [[1, 2, 3], [4, 5, 6], [7, 8, 0]]

steps: 620330
initial state: [[4, 3, 8], [2, 0, 1], [7, 6, 5]]
end state: [[1, 2, 3], [4, 5, 6], [7, 8, 0]]

steps: 330882
initial state: [[4, 1, 3], [6, 0, 8], [2, 7, 5]]
end state: [[1, 2, 3], [4, 5, 6], [7, 8, 0]]

steps: 898090
initial state: [[1, 7, 3], [2, 5, 6], [4, 8, 0]]
end state: [[1, 2, 3], [4, 5, 6], [7, 8, 0]]

steps: 607722
initial state: [[1, 6, 2], [4, 5, 3], [0, 7, 8]]
end state: [[1, 2, 3], [4, 5, 6], [7, 8, 0]]

steps: 382012
initial state: [[0, 4, 5], [1, 8, 2], [6, 7, 3]]
end state: [[1, 2, 3], [4, 5, 6], [7, 8, 0]]

steps: 287586
initial state: [[4, 1, 2], [5, 8, 3], [0, 7, 6]]
end state: [[1, 2, 3], [4, 5, 6], [7, 8, 0]]

steps: 629766
initial state: [[1, 3, 0], [5, 2, 6], [4, 7, 8]]
end state: [[1, 2, 3], [4, 5, 6], [7, 8, 0]]

steps: 52784
initial state: [[1, 2, 3], [7, 0, 5], [8, 4, 6]]
end state: [[1, 2, 3], [4, 5, 6], [7, 8, 0]]

steps: 186574
initial state: [[5, 1, 3], [7, 4, 6], [2, 8, 0]]
end state: [[1, 2, 3], [4, 5, 6], [7, 8, 0]]

steps: 996850
initial state: [[1, 8, 6], [4, 0, 2], [7, 3, 5]]
end state: [[1, 2, 3], [4, 5, 6], [7, 8, 0]]

steps: 803116
initial state: [[0, 1, 3], [4, 5, 6], [2, 7, 8]]
end state: [[1, 2, 3], [4, 5, 6], [7, 8, 0]]

steps: 558852
initial state: [[6, 5, 2], [1, 0, 3], [4, 7, 8]]
end state: [[1, 2, 3], [4, 5, 6], [7, 8, 0]]

steps: 26950
initial state: [[4, 2, 8], [1, 0, 3], [7, 6, 5]]
end state: [[1, 2, 3], [4, 5, 6], [7, 8, 0]]

steps: 14384
initial state: [[1, 3, 8], [4, 6, 2], [0, 7, 5]]
end state: [[1, 2, 3], [4, 5, 6], [7, 8, 0]]

steps: 1227532
initial state: [[1, 5, 2], [4, 0, 3], [7, 8, 6]]
end state: [[1, 2, 3], [4, 5, 6], [7, 8, 0]]

steps: 567500
initial state: [[2, 3, 8], [1, 0, 4], [7, 6, 5]]
end state: [[1, 2, 3], [4, 5, 6], [7, 8, 0]]

steps: 444124
initial state: [[0, 2, 3], [1, 6, 5], [4, 8, 7]]
end state: [[1, 2, 3], [4, 5, 6], [7, 8, 0]]

steps: 321946
initial state: [[2, 3, 0], [1, 7, 8], [5, 6, 4]]
end state: [[1, 2, 3], [4, 5, 6], [7, 8, 0]]

steps: 1611614
initial state: [[1, 3, 0], [4, 2, 5], [7, 8, 6]]
end state: [[1, 2, 3], [4, 5, 6], [7, 8, 0]]

steps: 352530
initial state: [[2, 5, 0], [1, 3, 8], [4, 7, 6]]
end state: [[1, 2, 3], [4, 5, 6], [7, 8, 0]]

steps: 516454
initial state: [[7, 1, 3], [2, 0, 6], [5, 4, 8]]
end state: [[1, 2, 3], [4, 5, 6], [7, 8, 0]]

steps: 85950
initial state: [[4, 8, 0], [2, 6, 5], [7, 3, 1]]
end state: [[1, 2, 3], [4, 5, 6], [7, 8, 0]]

steps: 1108650
initial state: [[4, 1, 6], [3, 0, 2], [7, 5, 8]]
end state: [[1, 2, 3], [4, 5, 6], [7, 8, 0]]

steps: 1116434
initial state: [[3, 4, 8], [1, 0, 5], [7, 2, 6]]
end state: [[1, 2, 3], [4, 5, 6], [7, 8, 0]]

steps: 687194
initial state: [[1, 2, 3], [7, 0, 6], [5, 4, 8]]
end state: [[1, 2, 3], [4, 5, 6], [7, 8, 0]]

steps: 288196
initial state: [[1, 2, 3], [4, 8, 5], [7, 6, 0]]
end state: [[1, 2, 3], [4, 5, 6], [7, 8, 0]]

steps: 30342
initial state: [[1, 2, 3], [8, 5, 7], [0, 6, 4]]
end state: [[1, 2, 3], [4, 5, 6], [7, 8, 0]]

steps: 40556
initial state: [[1, 3, 8], [6, 2, 5], [4, 7, 0]]
end state: [[1, 2, 3], [4, 5, 6], [7, 8, 0]]

steps: 635054
initial state: [[7, 5, 3], [2, 4, 8], [1, 6, 0]]
end state: [[1, 2, 3], [4, 5, 6], [7, 8, 0]]

steps: 26236
initial state: [[1, 2, 3], [7, 0, 5], [8, 4, 6]]
end state: [[1, 2, 3], [4, 5, 6], [7, 8, 0]]

steps: 1048512
initial state: [[5, 1, 2], [6, 7, 3], [0, 4, 8]]
end state: [[1, 2, 3], [4, 5, 6], [7, 8, 0]]

steps: 801774
initial state: [[0, 5, 3], [1, 2, 6], [4, 8, 7]]
end state: [[1, 2, 3], [4, 5, 6], [7, 8, 0]]

steps: 161974
initial state: [[5, 3, 8], [6, 1, 7], [2, 4, 0]]
end state: [[1, 2, 3], [4, 5, 6], [7, 8, 0]]

steps: 623040
initial state: [[0, 1, 8], [5, 3, 2], [4, 6, 7]]
end state: [[1, 2, 3], [4, 5, 6], [7, 8, 0]]

steps: 251240
initial state: [[1, 2, 3], [6, 4, 7], [0, 8, 5]]
end state: [[1, 2, 3], [4, 5, 6], [7, 8, 0]]

steps: 1435920
initial state: [[1, 3, 5], [4, 8, 2], [0, 7, 6]]
end state: [[1, 2, 3], [4, 5, 6], [7, 8, 0]]

steps: 875356
initial state: [[2, 8, 3], [1, 7, 5], [4, 6, 0]]
end state: [[1, 2, 3], [4, 5, 6], [7, 8, 0]]

steps: 17250
initial state: [[4, 2, 1], [3, 5, 6], [7, 8, 0]]
end state: [[1, 2, 3], [4, 5, 6], [7, 8, 0]]

steps: 116762
initial state: [[1, 2, 0], [4, 5, 8], [7, 6, 3]]
end state: [[1, 2, 3], [4, 5, 6], [7, 8, 0]]

steps: 647492
initial state: [[2, 3, 5], [1, 0, 4], [7, 8, 6]]
end state: [[1, 2, 3], [4, 5, 6], [7, 8, 0]]

steps: 222068
initial state: [[4, 1, 2], [7, 6, 3], [5, 8, 0]]
end state: [[1, 2, 3], [4, 5, 6], [7, 8, 0]]

steps: 573362
initial state: [[4, 5, 1], [7, 2, 3], [0, 8, 6]]
end state: [[1, 2, 3], [4, 5, 6], [7, 8, 0]]

steps: 576824
initial state: [[1, 5, 2], [7, 3, 6], [8, 4, 0]]
end state: [[1, 2, 3], [4, 5, 6], [7, 8, 0]]

steps: 69512
initial state: [[5, 2, 1], [4, 0, 3], [7, 8, 6]]
end state: [[1, 2, 3], [4, 5, 6], [7, 8, 0]]

steps: 652754
initial state: [[8, 4, 0], [1, 2, 5], [7, 6, 3]]
end state: [[1, 2, 3], [4, 5, 6], [7, 8, 0]]

steps: 509856
initial state: [[1, 2, 3], [4, 0, 5], [7, 8, 6]]
end state: [[1, 2, 3], [4, 5, 6], [7, 8, 0]]

steps: 879038
initial state: [[2, 7, 5], [1, 0, 3], [4, 8, 6]]
end state: [[1, 2, 3], [4, 5, 6], [7, 8, 0]]

steps: 854546
initial state: [[1, 5, 2], [3, 8, 6], [7, 4, 0]]
end state: [[1, 2, 3], [4, 5, 6], [7, 8, 0]]

steps: 242348
initial state: [[1, 2, 3], [8, 0, 5], [4, 7, 6]]
end state: [[1, 2, 3], [4, 5, 6], [7, 8, 0]]

